-1.083333333333332149e+00
4.916666666666667851e+00
9.166666666666678509e-01
-2.083333333333332149e+00
-1.083333333333332149e+00
-8.333333333333214910e-02
-8.333333333333214910e-02
-1.083333333333332149e+00
-2.083333333333332149e+00
-2.083333333333332149e+00
-3.083333333333332149e+00
-3.083333333333332149e+00
-2.083333333333332149e+00
-1.083333333333332149e+00
-3.083333333333332149e+00
9.166666666666678509e-01
9.166666666666678509e-01
9.166666666666678509e-01
1.191666666666666785e+01
5.916666666666667851e+00
-2.083333333333332149e+00
-2.083333333333332149e+00
-1.083333333333332149e+00
9.166666666666678509e-01
